1.882558796521314470e-01
2.692569198293371519e-02
1.852208952642376560e-01
2.517404530197862034e-01
4.288485166916869429e-02
2.365089369372421757e-01
7.924991681007442779e-02
2.767653736074308576e-02
1.959553844567425707e-01
7.607768632246715568e-02
1.168218026701184131e+00
7.148162500701042976e-01
2.211284269630180849e-02
6.479759771702789384e-02
6.411503254574646427e-02
4.925404913569307319e-01
1.250916653478570728e+00
2.420837422047875803e-02
1.005228974042957912e-01
1.658645271537091126e-01
8.482977138596807520e-02
5.450402924403139476e-02
6.527701075608269288e-02
1.103432811543056391e-01
1.182164354549700980e-01
2.986574540505529049e-02
7.071439028369236324e-02
9.915862568517556930e-02
3.952795381547766218e-02
2.044794590669834489e-01
1.635697579365904819e-01
1.203129780075507527e-01
6.114271106011450602e-02
9.589919162342799841e-02
1.017402031978736632e-01
3.076232284916880291e-02
4.443045342052399059e-03
1.608323310147286300e-01
4.551141183845237581e-01
5.150188737590437327e-02
3.344092304744444161e-02
1.397624447624126742e-01
8.248590430755536884e-02
1.090913951387367103e-01
2.216437461154818489e-01
5.221482365249996427e-02
6.511788547531076332e-02
4.897560106005464237e-02
3.870618133635231328e-02
8.528806286883661159e-02
4.926202326671223070e-02
8.098850247179735506e-02
1.133456300036640718e-01
6.876959189125601835e-02
1.686686571666032031e-01
1.031674691497368040e-01
1.286757410761929510e-01
3.095129909879818647e-02
4.473389972324605390e-02
3.426405486388821309e-02
1.115107602807610815e-01
6.052861666346543573e-02
1.263669872567350361e-01
1.544830164001330663e+00
2.713047159894814084e-02
4.372712911855757001e-02
8.419164991208297200e-02
6.259538861316610303e-02
6.107940639221257767e-02
1.207259213526014341e-01
9.012534672871160002e-02
5.825427973362545114e-02
1.059233343914626896e-01
4.038682713578677780e-02
3.570595320655348126e-02
1.327462147506194845e-02
1.181949584385630775e-01
2.146394535326069941e-01
1.118253588388671838e-01
6.985197725490280285e-02
9.174322899725172176e-02
1.282214791056107139e-01
4.497096612013148920e-02
3.452996832349283785e-01
1.235844199530251597e-01
4.405405658914199329e-02
1.578603449493436450e-01
2.276696316127599373e-02
7.180760823957214878e-02
4.345072920761327423e-02
1.026898838358041161e-01
1.106491727583451129e-01
1.305345225413001853e-01
5.083609065481947686e-01
2.991710983828472781e-01
1.543662559623571462e-01
6.010370414068323675e-02
1.128846792591803455e-01
3.190666469375012526e-01
1.416080727106595882e-01
5.007904393840321988e-02
2.153765393745616652e-01
2.739448851007663874e-02
2.331828655235041181e-01
1.244287909902907080e-01
2.039634803741366409e-01
1.004510186544152472e-01
8.169528465837194720e-02
4.259402798558727110e-02
5.805960861718318516e-02
8.568173859346681076e-02
2.705783254321041387e-01
1.386967299043717183e+00
5.732875688738358483e-02
2.916428682995038379e-02
1.098291684772016302e-01
1.138351141110150871e-01
6.599333605370413802e-02
9.583185966977406101e-02
1.205780707099889104e-01
6.445096518693191334e-02
6.519737011069563770e-02
7.949683705060994754e-02
4.674844862098683634e-02
2.117493588904090923e-02
1.986239504310345905e-01
1.132503878223396626e-01
1.560967290940946418e-02
1.047238704607495463e-01
4.033272638826531503e-02
1.579821637717780114e-01
6.469202323521881792e-02
6.605502042489314052e-02
1.426695147654282736e-01
1.038050961529716654e+00
1.402053205269911729e+00
1.254837321899277214e+00
1.968967592127216781e-01
4.736229099539207565e-02
4.878424339116225333e-02
1.823660433418212934e+00
6.384392591312035292e-02
1.570249893509617356e-01
1.020452183316918893e-01
2.246825006467796371e-01
3.753556621007494432e-01
7.087875217424072227e-02
1.000369402171831373e-01
4.017566612095311435e-02
4.153285581482319549e-02
5.859576228174876583e-02
3.936447142744660399e-02
3.712947357812178967e-02
3.096326201548712034e-02
7.405552543724129577e-02
2.547378335076002503e-02
1.113514931279024067e-01
1.611861738732360272e-01
6.161309502379135050e-02
5.346837428494539968e-02
9.077970344287766835e-02
3.418739766755043430e-01
3.640670159343117329e-01
5.773731210525415158e-02
6.709891595329411929e-02
2.372509688847887141e-02
2.491273318879212717e-01
2.802693955386718547e-02
4.242168178805735823e-02
1.414033076750872142e-01
1.085751342504176209e-01
3.812090924398948283e-02
3.237844206952352616e-02
1.571364132931281632e-01
2.215362645388432514e-02
3.408737086101190639e-02
1.337821386610948404e-01
9.870549003572931523e-02
1.682379314440396456e-01
1.641369647530170617e-01
1.421354347967661025e-01
5.559571197556384403e-02
3.922416305350413107e-02
3.793018160336265876e-02
1.565823302561202557e-01
7.072137037973258433e-02
9.187749511024818627e-01
4.644201225637022146e-02
8.623173465489494816e-02
1.862020770074202525e-01
3.382498482781061411e-02
8.836100595137236224e-02
1.261535062635080751e-01
1.062308204751835766e-01
2.974383890313997969e-01
7.585255851320032994e-02
4.127127992643583876e-02
2.876552777660279156e-02
2.986617491907878758e-02
6.028160607440610774e-02
6.908709458549128213e-02
1.237095607488450932e-01
6.744093669558742787e-02
5.527180751718915180e-02
9.201169412190550456e-02
1.032609110808784397e-01
4.903503006066909364e-01
5.699933027531208646e-02
2.092132150716390915e-01
9.293129782900264035e-02
5.717714695222694821e-02
2.370263627595143863e-01
1.307740072641448148e-01
3.065317305715505314e-01
3.045995859781054360e-01
8.431027329117775360e-02
2.118572069377060510e-02
1.073986764063193239e-01
3.752427549120825045e-02
1.162729416338421223e-02
3.157820894672059425e-02
5.503029646614680109e-02
1.158643477200685945e-01
6.293505692981421484e-01
2.091801516468362321e-01
6.893354925962927315e-02
1.191887794065319556e-01
5.393776172294039578e-02
5.227608611190504018e-02
5.211180526079961517e-02
1.028617256209217456e-01
7.394966447162362733e-02
2.209030776896080128e-01
2.536644122348961083e-01
8.173833553720927236e-02
5.299468709008682277e-01
2.749892791447852147e-01
7.991296530175781010e-01
1.070735654115215624e-01
4.590048566606667185e-02
3.436012342568308536e-02
3.439994587995322262e-02
1.214976610253120370e-01
8.551142694943124345e-02
1.087088672270324630e-01
1.508500556356968114e-01
1.649971680030391241e-01
2.245399660251773399e-02
3.654209778003680853e-02
5.972847340368504787e-02
2.751993019390183356e-02
1.220991936697593955e-01
1.478428320647727778e-01
6.787906774981342650e-01
6.796420510981161789e-02
3.597707853130097666e-01
4.028141376657808775e-02
1.061924773005662459e-01
1.109007569497036522e-01
1.717524489185420222e-01
8.695836282759483726e-01
1.841299865793882828e-01
4.633209375654086248e-02
4.889716024610171741e-02
9.759149435059624733e-02
5.396658752946821569e-02
3.877254842016737008e-02
2.768098508629603799e-02
5.586208827512990222e-02
6.229109463485420911e-02
5.214349239170635447e-02
8.496530140445279766e-02
3.442747651279293164e-02
9.678304834016805691e-02
8.494623506763823717e-02
1.071963863197922945e-01
5.070339163304601882e-02
4.956092255666368768e-02
3.168677373127054553e-02
1.425105031814661305e-01
9.654655128993469559e-02
3.930655016541547558e-02
3.158567877410161512e-02
1.053601567875284556e-01
6.400753998182451276e-02
1.540873319408748651e-02
2.548388789583765426e-02
6.579946883136152114e-02
7.939319997027299847e-02
3.333434404104333726e-02
7.621376474188558403e-02
6.599708975886900419e-02
1.871832065288032976e-01
8.443234103096430854e-02
5.501094425119307241e-02
5.202200989565072126e-02
6.692508735669840114e-02
2.717021230342102633e-01
3.501493233119456483e-01
1.914101867880239616e-01
8.533245402217315423e-02
5.127967450252008536e-02
1.309784834749126770e+00
2.014684149394691537e-01
2.396792583078660374e-02
1.234230411992005005e-01
4.828076016265333420e-02
6.021913972207715987e-02
1.129288646949024311e-01
8.485872889539745889e-02
5.937093862123438148e-02
5.970097905205796335e-02
5.751229251038973700e-02
1.060276892530996440e+00
3.377816044391973582e-02
3.822685338448000153e-02
3.254083854314077789e-02
2.903473089241982441e-01
3.406281631704922985e-02
1.182906119393973277e-01
1.626746193011146258e-01
1.190296021047530101e-01
1.128298155186867879e-01
1.170556190567749316e-01
6.740906408508898218e-02
5.387325389379608170e-02
5.894982118938618676e-02
9.148666327223081707e-02
5.121970809591078894e-02
7.847777564176952603e-02
6.848155588291321427e-02
7.124634621538450396e-01
5.701876814069865157e-02
1.642379847079706578e-01
2.730917499966059939e-02
2.855577397019685992e-02
3.040802037597177196e-02
1.074365417628277530e+00
8.390209314548305319e-02
1.647788171574545990e-01
1.458748448416732624e-01
7.678903718082553953e-02
2.061359911534126621e-01
1.432688644146308254e-01
1.720271569922945942e-02
7.975490061512911788e-02
6.733507937207907634e-01
2.223410749269424946e-01
3.547571969068284703e-02
1.198404559765436916e-01
6.149211463871447070e-02
3.168560172294954125e-02
7.569891940530816543e-02
1.491614267952061923e-01
8.511594223850729724e-02
9.170519946114814858e-02
6.535046386291916420e-02
6.821930971923355347e-02
3.261998630575704827e-02
6.791224253273366041e-02
1.900137714035849690e-01
4.324594519617273869e-02
1.487598980130863391e-01
5.701725983478959925e-02
1.550286455451853861e-02
1.756691843589304192e-01
2.918277736875978801e-01
2.070669450168328707e-01
5.672789773353740378e-02
6.218142830608900523e-02
1.343502694257476225e-02
7.324231614347893882e-02
1.477714519395840476e-01
7.550980786224729957e-02
5.125119522327985233e-02
4.193507399068532177e-02
1.994463375905301539e-01
4.844771206511755413e-01
1.889838163987239972e-01
1.323636174106061422e-02
4.631770243625583927e-02
9.713926765614959435e-02
2.155581756914533853e-01
3.237157784775358815e-02
2.950083594255588706e-02
4.486671924744230905e-02
1.541091259219169729e-01
5.165102351404651793e-02
6.243388702373382781e-02
8.815598003097162294e-02
9.543448520548408753e-02
4.572547130265350313e-02
5.572131642892375752e-02
3.155156128449925629e-02
5.119538054240157371e-02
2.845558827447379133e-02
5.929110755275295019e-02
3.094913622822575983e-02
1.255281455176684713e-01
4.245389457365180558e-02
3.947897479206115279e-02
2.387317589156372211e-02
3.867535231539260404e-02
8.573196663846630039e-02
6.443244074569923208e-02
4.391810705300716600e-01
3.382842335226211028e-01
2.382340752558428920e-02
6.035221100324445614e-02
5.634381436486652489e-02
7.035736907958624053e-01
2.803483149370021923e-02
3.089917369428359095e-02
1.046285888266726555e-01
9.764292958865455896e-02
9.175273010635420778e-02
4.616465705045404155e-02
7.138811249186861885e-02
8.738342370781411461e-02
3.420244131911170937e-02
7.269850050881070114e-02
3.441865950616208175e-02
5.408568344817268891e-02
3.273653728152244313e-01
7.437853426782456423e-02
4.304639328871153608e-02
4.945133736813953768e-02
4.804352303858856060e-02
3.536764816605006412e-02
9.233915820577030809e-02
2.975402231348945881e-01
9.634421611670369867e-02
8.744986497749487886e-02
5.698025656156627955e-02
3.431384340533610161e-02
1.000316348694984953e-01
1.301114500526067419e-01
2.116889516262409898e-01
8.541754604095888603e-02
8.765058884476931156e-02
1.676980670035589094e-01
1.284128086668396007e-01
1.206338949630820084e-01
2.484034161029525234e-01
5.654062167899820412e-02
3.788331402319123492e-02
8.630175325501718286e-02
6.393442850756900220e-02
8.228956879655263679e-02
3.072253770132453154e-01
8.273739678981575918e-02
3.570715352898228695e-02
3.708322713622591027e-01
5.363855218470777730e-01
1.921955443764221672e-01
2.956713001536708796e-01
9.287568297818964147e-02
1.625698623211103144e-01
1.329738730723262485e-01
1.602580313079912944e-01
1.696575445014237016e-01
2.357881122418871780e-02
3.476180042247534185e-02
8.971105189792578927e-02
5.991865773691945618e-02
9.983353821416592055e-02
1.302755358087201998e-01
6.761232773037705035e-02
6.909743590981069772e-02
1.523250565906120353e-02
5.409495446097631333e-02
1.211039137683896927e-01
2.461530690942207583e-02
4.892398639793652665e-02
5.549012831837576987e-02
1.525469397939115124e-01
8.828043106166470755e-02
4.197308273486915348e-02
5.687831106129179193e-02
3.451229614977933263e-02
1.146068197257237159e-01
2.109566946574664703e-02
4.904764253284948916e-02
6.097391404868635761e-02
7.265814665330862232e-02
7.736134397159438736e-02
2.837292823698948224e-02
2.544038937883253207e-02
1.103035297671843551e-01
1.047157883780579501e-01
1.824268629835610056e-01
8.052714283811086560e-01
4.680064647640979486e-02
3.453404256195571204e-02
6.983988317413361568e-02
6.853326626820832601e-02
1.176952892176436893e-01
3.103874325019454969e-02
4.023289508581650437e-02
9.024525187402471227e-02
7.489677399660917001e-02
5.461301636316333308e-02
8.075784966656673891e-02
8.942239269194562912e-02
1.112435470620586897e-01
5.935856841995476585e-02
1.467089194304697308e+00
8.880661400377995451e-02
1.189381468187174912e-01
1.749720074827611493e-01
1.288529449141558036e-01
5.875459702048109190e-01
7.406978238483326316e-02
3.930438859394191908e-02
4.079683256092565130e-02
7.486202688221162971e-01
7.643794521878587434e-01
9.576450537520792006e-02
1.624081097300931198e-01
5.587388822209458927e-02
2.146905242514234313e-01
4.039592722219915305e-02
2.744415474654541762e-02
1.602512950052736307e-01
5.171085524195918881e-02
6.451931748990830107e-02
4.208208291677011798e-02
1.958942878330256487e-01
8.821379403393508900e-02
1.859705034602309598e-02
6.444223576357935301e-02
